#Start
779,322 780,354
779,322 780,326 779,328
779,328 780,332 780,333
780,333 780,336 780,339
780,339 780,342 780,345
780,345 780,348 780,351
#Start
780,354 780,385
780,354 780,356 779,359
779,359 782,362 780,365
780,365 780,368 780,371
780,371 780,374 780,377
780,377 780,382 780,383
#Start
780,385 780,416
780,385 780,384 779,387
779,387 780,390 779,394
779,394 780,398 779,400
779,400 780,404 780,406
780,406 780,410 780,412
#Start
780,416 761,441
780,416 780,420 780,421
780,421 778,424 777,426
777,426 776,428 772,430
772,430 770,434 768,435
768,435 766,438 764,438
764,438 764,442 761,441
#Start
761,441 733,467
761,441 762,446 758,448
758,448 754,454 753,454
753,454 752,458 748,457
748,457 748,462 745,462
745,462 746,466 741,464
741,464 740,466 736,467
#Start
733,467 713,488
733,467 736,470 733,471
733,471 730,476 728,475
728,475 726,478 725,479
725,479 726,482 720,483
720,483 716,486 715,486
#Start
713,488 690,513
713,488 714,492 711,493
711,493 710,494 707,495
707,495 706,498 703,498
703,498 704,502 700,501
700,501 700,504 698,507
698,507 696,510 694,510
694,510 692,512 690,512
#Start
690,513 659,542
690,513 688,518 687,517
687,517 688,520 684,521
684,521 680,526 680,525
680,525 680,526 675,527
675,527 674,530 672,531
672,531 670,532 668,533
668,533 666,534 665,536
665,536 666,538 662,540
#Start
659,542 628,572
659,542 658,546 657,548
657,548 654,548 652,551
652,551 650,554 647,554
647,554 646,554 643,558
643,558 640,560 638,560
638,560 638,562 636,564
636,564 636,566 633,568
633,568 630,570 629,572
#Start
628,572 610,593
628,572 632,576 627,578
627,578 624,582 622,581
622,581 620,584 618,586
618,586 616,588 614,590
614,590 612,592 611,593
#Start
610,593 585,617
610,593 610,594 607,595
607,595 606,598 605,599
605,599 604,600 601,601
601,601 602,604 596,605
596,605 594,608 592,610
592,610 588,612 587,613
587,613 584,614 585,617
#Start
585,617 585,663
585,617 586,622 585,625
585,625 586,632 585,631
585,631 586,634 585,637
585,637 586,640 585,643
585,643 584,646 584,648
584,648 584,652 584,654
#Start
585,663 583,698
585,663 586,662 585,664
585,664 586,668 585,670
585,670 588,674 586,676
586,676 586,680 586,682
586,682 586,686 586,688
586,688 586,692 586,694
586,694 586,696 584,698
#Start
583,698 549,726
583,698 588,698 586,701
586,701 586,706 586,707
586,707 586,710 586,713
586,713 588,718 585,718
585,718 586,722 582,722
582,722 580,724 578,724
578,724 576,724 571,724
571,724 568,724 565,724
565,724 562,724 560,725
560,725 558,726 554,725
554,725 552,726 549,726
#Start
549,726 505,724
549,726 546,726 540,725
540,725 534,726 530,725
530,725 528,726 524,725
524,725 520,726 517,725
517,725 514,726 511,725
511,725 510,724 505,724
#Start
505,724 454,709
505,724 506,726 501,724
501,724 498,726 496,722
496,722 494,724 491,721
491,721 490,722 487,718
487,718 486,718 483,715
483,715 482,716 479,711
479,711 478,708 474,709
474,709 472,710 468,709
468,709 466,710 462,709
462,709 458,710 456,709
#Start
454,709 368,708
454,709 456,708 451,708
451,708 448,708 445,708
445,708 444,710 440,709
440,709 438,710 434,710
434,710 430,710 428,710
428,710 426,712 421,709
421,709 416,710 415,709
415,709 412,710 409,709
409,709 406,710 403,709
403,709 400,710 397,709
397,709 396,710 390,709
390,709 388,710 384,709
384,709 384,708 379,708
379,708 376,708 373,708
#Start
368,708 330,709
368,708 366,710 364,710
364,710 362,710 358,710
358,710 354,710 352,710
352,710 350,710 346,710
346,710 344,710 340,710
340,710 338,710 334,710
#Start
330,709 277,711
330,709 326,710 323,710
323,710 320,710 316,711
316,711 314,712 309,711
309,711 302,712 301,711
301,711 298,712 295,711
295,711 292,712 289,711
289,711 286,712 283,711
#Start
277,711 253,699
277,711 282,714 279,711
279,711 276,710 273,709
273,709 270,708 267,708
267,708 268,708 260,705
260,705 258,706 256,702
#Start
253,699 233,682
253,699 248,700 246,697
246,697 242,694 242,692
242,692 242,690 237,688
237,688 238,688 234,683
#Start
233,682 206,667
233,682 230,680 227,679
227,679 226,676 225,674
225,674 224,674 221,669
221,669 218,666 215,667
215,667 212,668 209,667
#Start
206,667 181,667
206,667 208,668 205,667
205,667 202,668 199,667
199,667 196,668 193,667
193,667 190,668 187,667
187,667 184,668 181,667
#Start
181,667 153,689
181,667 180,668 178,670
178,670 176,672 172,672
172,672 172,674 167,673
167,673 168,676 164,676
164,676 162,678 159,678
159,678 158,682 155,681
155,681 154,684 154,686
154,686 154,690 153,689
#Start
153,689 126,710
153,689 152,690 147,692
147,692 146,694 144,695
144,695 142,698 140,699
140,699 138,700 136,702
136,702 134,704 132,705
132,705 130,710 128,709
#Start
126,710 94,709
126,710 124,710 118,709
118,709 116,710 112,709
112,709 110,710 106,709
106,709 104,710 100,709
100,709 98,710 94,709
#Start
181,667 150,665
181,667 178,668 175,668
175,668 172,668 169,668
169,668 166,670 164,666
164,666 162,666 158,666
158,666 156,666 151,665
#Start
150,665 131,655
150,665 152,668 148,667
148,667 146,670 142,664
142,664 138,662 138,661
138,661 136,658 134,657
#Start
131,655 111,645
131,655 134,658 129,654
129,654 130,652 126,651
126,651 126,650 123,648
123,648 124,646 120,645
120,645 116,646 114,645
#Start
547,114 548,155
547,114 550,114 548,119
548,119 548,124 549,124
549,124 550,128 549,130
549,130 550,134 549,136
549,136 550,140 548,141
548,141 548,144 548,147
548,147 548,150 548,153
#Start
548,155 548,190
548,155 548,150 548,154
548,154 548,158 548,160
548,160 546,162 546,165
546,165 546,168 546,171
546,171 548,174 548,177
548,177 548,180 548,183
548,183 548,186 548,189
#Start
548,190 548,226
548,190 550,188 549,192
549,192 550,196 549,199
549,199 552,200 550,205
550,205 550,212 549,211
549,211 548,214 548,216
548,216 548,220 548,222
#Start
548,226 550,264
548,226 550,230 550,233
550,233 550,236 550,239
550,239 550,242 550,245
550,245 550,248 550,251
550,251 550,254 550,257
550,257 550,260 550,263
#Start
550,264 549,302
550,264 548,266 548,269
548,269 548,272 548,275
548,275 548,278 550,281
550,281 550,284 550,287
550,287 550,290 550,293
550,293 552,298 549,298
#Start
549,302 549,338
549,302 548,306 548,310
548,310 548,314 548,316
548,316 548,320 548,322
548,322 550,328 549,328
549,328 550,332 549,334
#Start
549,338 549,373
549,338 550,342 548,343
548,343 548,346 548,349
548,349 548,352 548,355
548,355 548,358 548,362
548,362 548,366 548,368
548,368 550,370 549,373
#Start
549,373 547,411
549,373 550,376 549,379
549,379 550,384 549,386
549,386 550,390 549,392
549,392 550,396 549,398
549,398 548,400 548,403
548,403 548,406 548,409
#Start
547,411 548,450
547,411 548,416 548,422
548,422 548,428 548,429
548,429 548,432 548,435
548,435 548,438 548,441
548,441 548,446 549,446
#Start
548,450 548,486
548,450 550,452 549,454
549,454 548,458 547,459
547,459 548,462 547,465
547,465 548,468 547,471
547,471 548,476 548,478
548,478 548,482 548,484
#Start
548,486 523,526
548,486 548,484 547,488
547,488 548,492 547,494
547,494 548,498 547,500
547,500 548,504 547,506
547,506 546,508 544,509
544,509 544,510 539,512
539,512 536,518 533,515
533,515 534,518 529,519
529,519 528,522 526,523
#Start
523,526 499,548
523,526 524,530 521,532
521,532 522,536 518,535
518,535 514,540 514,539
514,539 510,540 510,542
510,542 508,542 506,547
506,547 504,550 500,548
#Start
499,548 493,601
499,548 498,554 496,556
496,556 496,560 496,562
496,562 496,566 496,568
496,568 496,572 496,574
496,574 498,578 495,579
495,579 496,582 495,585
495,585 496,590 494,590
494,590 494,592 493,595
493,595 494,598 493,601
#Start
493,601 519,633
493,601 498,602 497,604
497,604 498,606 499,609
499,609 502,610 503,613
503,613 504,616 507,617
507,617 508,622 510,622
510,622 512,624 512,626
512,626 516,628 515,630
515,630 518,632 519,633
#Start
519,633 541,663
519,633 526,638 529,640
529,640 532,642 533,644
533,644 534,648 536,647
536,647 538,652 537,653
537,653 538,658 539,658
#Start
541,663 525,697
541,663 544,664 543,667
543,667 544,670 543,673
543,673 542,676 542,678
542,678 544,682 541,683
541,683 540,686 539,687
539,687 540,690 539,693
539,693 540,696 535,695
535,695 532,696 529,695
529,695 530,698 525,697
#Start
525,697 456,697
525,697 522,698 518,695
518,695 516,696 512,695
512,695 510,696 506,695
506,695 504,696 500,695
500,695 498,696 494,695
494,695 492,696 488,695
488,695 486,696 483,694
483,694 480,694 477,694
477,694 474,694 471,695
471,695 468,696 465,695
465,695 462,696 460,696
#Start
456,697 411,695
456,697 450,698 446,697
446,697 444,696 440,696
440,696 436,696 434,696
434,696 432,696 428,696
428,696 426,696 422,696
422,696 420,696 416,696
#Start
411,695 374,731
411,695 408,698 403,699
403,699 400,702 398,702
398,702 398,706 395,705
395,705 394,706 391,707
391,707 390,710 388,711
388,711 386,714 384,715
384,715 384,718 381,718
381,718 380,720 379,722
379,722 378,726 375,726
375,726 376,730 374,731
#Start
374,731 343,755
374,731 374,730 371,733
371,733 370,738 367,737
367,737 366,740 362,741
362,741 356,746 358,745
358,745 354,750 354,749
354,749 352,750 350,751
350,751 348,754 347,755
#Start
343,755 314,787
343,755 352,758 348,758
348,758 350,762 346,762
346,762 344,766 339,766
339,766 338,768 335,770
335,770 334,772 330,774
330,774 328,776 324,777
324,777 324,780 319,781
319,781 320,784 316,785
#Start
314,787 287,829
314,787 314,792 310,792
310,792 306,796 306,795
306,795 304,796 303,798
303,798 302,800 300,801
300,801 298,802 295,804
295,804 296,806 292,808
292,808 288,810 288,812
288,812 288,816 288,818
288,818 288,822 288,824
288,824 288,826 287,829
#Start
287,829 261,877
287,829 286,834 284,836
284,836 284,840 284,842
284,842 286,846 283,848
283,848 282,852 282,854
282,854 282,856 280,858
280,858 278,860 277,861
277,861 274,864 272,864
272,864 272,866 269,869
269,869 270,874 265,873
265,873 264,876 263,877
#Start
261,877 239,902
261,877 264,882 260,883
260,883 258,888 256,886
256,886 256,890 253,889
253,889 252,892 249,893
249,893 250,896 245,896
245,896 244,898 242,900
#Start
239,902 220,922
239,902 240,904 235,905
235,905 232,910 230,909
230,909 232,914 228,914
228,914 226,918 223,918
223,918 222,922 220,922
#Start
220,922 198,943
220,922 220,924 218,927
218,927 218,930 215,932
215,932 212,934 211,935
211,935 212,940 207,940
207,940 206,944 203,943
#Start
198,943 173,966
198,943 202,948 196,947
196,947 196,948 191,951
191,951 188,952 186,952
186,952 186,956 183,955
183,955 182,958 181,959
181,959 180,960 178,963
178,963 176,964 175,966
#Start
43,638 79,639
43,638 46,638 48,638
48,638 52,638 54,638
54,638 58,638 61,638
61,638 64,638 67,638
67,638 70,638 73,638
73,638 76,638 79,639
#Start
79,639 111,639
79,639 86,640 89,640
89,640 92,640 95,640
95,640 98,642 101,639
101,639 104,640 107,639
#Start
79,639 111,645
79,639 86,645 89,645
89,645 92,645 95,645
95,645 98,645 101,645
101,645 104,645 107,645
#Start
111,639 144,553
111,639 116,638 119,637
119,637 120,634 120,631
120,631 122,630 121,626
121,626 122,622 122,621
122,621 122,618 122,615
122,615 122,612 122,609
122,609 122,606 122,603
122,603 122,600 122,597
122,597 122,594 122,591
122,591 122,588 122,585
122,585 122,582 122,579
122,579 122,576 122,573
122,573 122,570 122,567
122,567 120,566 119,562
119,562 118,560 121,557
121,557 126,556 125,553
125,553 128,554 131,553
131,553 134,554 137,553
137,553 140,554 143,553
#Start
144,553 192,575
144,553 148,554 151,553
151,553 154,554 157,553
157,553 160,554 163,553
163,553 166,554 169,555
169,555 172,558 174,558
174,558 174,560 178,562
178,562 182,564 181,565
181,565 186,566 186,569
186,569 188,572 190,573
#Start
192,575 215,603
192,575 188,572 188,575
188,575 192,578 191,580
191,580 194,582 194,584
194,584 198,584 199,588
199,588 202,590 204,591
204,591 206,594 209,594
209,594 208,598 212,600
#Start
215,603 256,619
215,603 218,604 221,604
221,604 224,608 225,609
225,609 228,610 229,612
229,612 232,614 233,616
233,616 238,616 238,617
238,617 242,618 244,617
244,617 250,618 250,618
250,618 254,618 255,619
#Start
256,619 287,620
256,619 256,618 260,618
260,618 266,618 266,618
266,618 268,620 271,619
271,619 274,620 277,619
277,619 280,620 284,619
#Start
287,620 334,635
287,620 286,618 288,618
288,618 292,618 294,619
294,619 298,620 300,619
300,619 304,620 306,619
306,619 310,620 312,619
312,619 316,620 317,621
317,621 320,622 321,625
321,625 324,628 325,628
325,628 330,630 329,630
329,630 332,632 334,631
#Start
334,635 415,661
334,635 336,634 336,636
336,636 336,640 337,642
337,642 340,644 341,646
341,646 346,648 346,649
346,649 350,652 349,653
349,653 352,654 354,656
354,656 358,658 358,659
358,659 360,662 363,660
363,660 366,660 369,661
369,661 372,662 375,661
375,661 378,662 381,661
381,661 384,662 387,661
387,661 390,662 393,661
393,661 396,662 399,661
399,661 402,662 405,661
405,661 408,662 411,661
#Start
415,661 478,663
415,661 418,662 420,662
420,662 424,662 426,662
426,662 432,662 432,662
432,662 436,662 438,662
438,662 442,662 444,662
444,662 448,662 450,662
450,662 454,662 456,662
456,662 460,662 462,662
462,662 466,662 469,662
469,662 472,664 474,663
#Start
478,663 541,663
478,663 482,662 483,662
483,662 488,662 489,662
489,662 494,662 495,662
495,662 498,662 501,662
501,662 504,662 507,662
507,662 510,662 513,662
513,662 516,662 519,662
519,662 522,662 525,662
525,662 530,662 530,663
530,663 534,664 536,663
#Start
541,663 585,663
541,663 544,662 546,662
546,662 552,662 552,662
552,662 556,662 558,662
558,662 562,662 564,662
564,662 568,662 570,662
570,662 574,662 576,662
576,662 580,662 582,662
582,662 586,664 586,663
#Start
585,663 655,666
585,663 586,662 589,661
589,661 592,662 595,661
595,661 598,662 601,661
601,661 604,662 607,661
607,661 610,662 613,661
613,661 616,662 619,661
619,661 622,662 626,661
626,661 630,662 632,661
632,661 636,662 638,661
638,661 644,662 643,662
643,662 646,662 649,662
649,662 654,662 654,663
#Start
655,666 682,694
655,666 662,668 663,669
663,669 666,672 666,673
666,673 668,678 668,678
668,678 670,680 670,682
670,682 672,682 675,687
675,687 678,688 679,691
#Start
682,694 714,725
682,694 686,694 685,696
685,696 688,700 689,701
689,701 692,706 694,706
694,706 696,710 698,709
698,709 700,712 701,712
701,712 704,714 705,716
705,716 706,718 708,720
708,720 710,722 712,723
#Start
714,725 771,790
714,725 714,728 715,729
715,729 720,734 720,733
720,733 720,736 724,738
724,738 726,740 728,741
728,741 730,744 732,746
732,746 734,748 736,750
736,750 740,752 739,753
739,753 740,756 743,756
743,756 746,762 747,761
747,761 752,764 752,765
752,765 756,768 757,768
757,768 760,770 761,772
761,772 766,774 765,775
765,775 768,776 768,779
768,779 770,782 771,782
771,782 772,786 771,788
#Start
771,790 770,832
771,790 768,790 769,795
769,795 770,798 769,801
769,801 772,804 770,806
770,806 770,810 770,812
770,812 770,816 770,818
770,818 770,822 770,824
770,824 772,828 772,830
#Start
770,832 786,858
770,832 770,836 769,837
769,837 770,840 769,843
769,843 770,846 769,849
769,849 770,852 769,855
769,855 772,858 773,859
773,859 776,860 777,861
777,861 780,862 783,861
#Start
786,858 849,862
786,858 790,864 792,862
792,862 798,862 798,862
798,862 802,862 804,862
804,862 808,862 810,862
810,862 814,862 816,862
816,862 820,862 822,862
822,862 826,862 828,862
828,862 832,862 834,862
834,862 838,862 840,862
840,862 844,862 846,862
#Start
849,862 881,863
849,862 852,862 854,862
854,862 862,862 860,862
860,862 864,862 867,862
867,862 870,862 873,862
873,862 876,864 878,863
#Start
881,863 915,879
881,863 886,862 888,862
888,862 892,864 894,863
894,863 896,866 899,864
899,864 902,868 903,867
903,867 906,870 907,871
907,871 910,876 910,876
910,876 912,878 914,878
#Start
915,879 940,903
915,879 918,880 919,882
919,882 924,884 923,886
923,886 928,888 928,890
928,890 930,892 932,894
932,894 936,898 936,898
936,898 938,902 939,903
#Start
940,903 964,928
940,903 942,904 943,905
943,905 946,908 947,909
947,909 950,912 951,913
951,913 952,916 954,917
954,917 958,918 957,921
957,921 960,924 962,926
#Start
964,928 986,950
964,928 962,928 966,929
966,929 968,932 970,933
970,933 972,936 973,936
973,936 980,940 978,939
978,939 982,942 982,943
982,943 986,944 985,946
#Start
986,950 1008,974
986,950 988,950 989,952
989,952 990,956 992,956
992,956 996,960 996,960
996,960 1000,964 999,965
999,965 1002,968 1003,969
1003,969 1008,974 1008,974
#Start
1008,974 1023,1027
1008,974 1014,974 1015,975
1015,975 1016,978 1018,980
1018,980 1020,984 1021,983
1021,983 1022,986 1021,989
1021,989 1022,992 1021,995
1021,995 1022,998 1021,1001
1021,1001 1022,1004 1022,1007
1022,1007 1022,1010 1022,1014
1022,1014 1022,1018 1022,1020
1022,1020 1022,1024 1023,1027
#Start
1023,1027 1023,1088
1023,1027 1022,1032 1021,1033
1021,1033 1018,1036 1019,1038
1019,1038 1020,1040 1021,1045
1021,1045 1024,1048 1022,1050
1022,1050 1024,1054 1023,1056
1023,1056 1024,1060 1023,1062
1023,1062 1024,1066 1023,1068
1023,1068 1024,1072 1023,1074
1023,1074 1024,1078 1023,1080
1023,1080 1024,1086 1023,1086
#Start
1023,1088 1022,1148
1023,1088 1020,1088 1019,1091
1019,1091 1020,1094 1019,1097
1019,1097 1020,1102 1019,1104
1019,1104 1020,1108 1021,1111
1021,1111 1024,1114 1022,1117
1022,1117 1022,1120 1022,1123
1022,1123 1022,1126 1022,1129
1022,1129 1022,1132 1022,1135
1022,1135 1022,1138 1022,1141
1022,1141 1022,1144 1022,1148
#Start
1022,1148 1021,1220
1022,1148 1020,1150 1021,1151
1021,1151 1022,1156 1020,1156
1020,1156 1020,1160 1020,1162
1020,1162 1020,1166 1020,1169
1020,1169 1020,1172 1020,1175
1020,1175 1020,1178 1020,1181
1020,1181 1020,1184 1020,1187
1020,1187 1020,1190 1020,1194
1020,1194 1020,1198 1020,1200
1020,1200 1022,1204 1021,1206
1021,1206 1022,1210 1021,1212
1021,1212 1022,1216 1021,1218
#Start
707,94 730,117
707,94 712,96 712,97
712,97 716,102 715,101
715,101 720,102 719,104
719,104 720,108 722,108
722,108 724,110 724,113
724,113 726,114 728,115
#Start
730,117 746,152
730,117 734,120 736,121
736,121 740,124 739,125
739,125 740,128 742,129
742,129 744,132 743,135
743,135 746,138 744,140
744,140 746,142 745,145
745,145 746,148 745,151
#Start
746,152 744,188
746,152 748,150 746,152
746,152 746,154 745,157
745,157 746,160 745,163
745,163 746,166 745,170
745,170 744,174 744,176
744,176 744,180 744,182
744,182 744,186 744,188
#Start
744,188 746,226
744,188 746,190 746,194
746,194 746,198 746,200
746,200 746,204 746,206
746,206 746,210 746,212
746,212 746,216 746,218
746,218 746,222 747,224
#Start
746,226 745,260
746,226 746,228 745,230
745,230 746,234 745,236
745,236 746,240 745,242
745,242 744,244 744,247
744,247 744,250 744,253
744,253 744,256 744,259
#Start
745,260 727,301
745,260 744,260 744,263
744,263 744,266 743,269
743,269 744,272 743,275
743,275 744,278 743,281
743,281 746,284 743,285
743,285 742,286 740,288
740,288 740,290 737,292
737,292 736,294 735,297
735,297 732,298 729,299
#Start
727,301 700,329
727,301 724,304 722,303
722,303 720,306 718,306
718,306 718,312 716,311
716,311 716,314 713,315
713,315 712,316 710,319
710,319 710,322 707,322
707,322 706,324 703,325
703,325 702,328 700,329
#Start
700,329 680,355
700,329 698,330 695,332
695,332 694,334 691,336
691,336 690,336 688,340
688,340 686,342 684,342
684,342 684,344 682,347
682,347 682,350 680,351
#Start
680,355 681,385
680,355 682,358 682,360
682,360 682,364 682,366
682,366 684,372 681,373
681,373 682,376 681,379
681,379 682,382 681,385
#Start
681,385 680,413
681,385 682,388 680,390
680,390 680,394 680,396
680,396 680,400 680,402
680,402 680,406 680,408
#Start
680,413 681,441
680,413 682,416 681,419
681,419 682,422 681,425
681,425 682,430 681,432
681,432 680,436 679,436
679,436 678,440 681,440
#Start
681,441 669,473
681,441 680,444 680,446
680,446 680,452 680,452
680,452 680,454 679,457
679,457 678,460 678,462
678,462 680,466 677,467
677,467 676,470 675,471
675,471 674,472 671,473
#Start
669,473 631,510
669,473 668,476 663,478
663,478 662,480 659,482
659,482 656,484 654,486
654,486 650,488 650,489
650,489 648,492 646,494
646,494 644,498 642,497
642,497 640,498 640,501
640,501 638,504 636,504
636,504 634,508 633,508
#Start
631,510 601,540
631,510 632,514 631,516
631,516 630,518 626,520
626,520 624,520 623,524
623,524 620,526 618,527
618,527 616,530 613,530
613,530 612,534 609,533
609,533 610,536 606,537
606,537 606,540 603,540
#Start
601,540 566,567
601,540 602,538 598,541
598,541 598,546 593,546
593,546 594,550 589,549
589,549 588,554 586,554
586,554 584,556 582,556
582,556 580,560 578,559
578,559 576,562 574,562
574,562 572,564 571,566
#Start
566,567 499,548
566,567 566,570 562,570
562,570 558,570 556,571
556,571 552,572 550,572
550,572 548,572 544,572
544,572 542,574 538,573
538,573 536,572 534,571
534,571 532,568 530,567
530,567 530,566 525,564
525,564 524,562 521,560
521,560 518,558 517,557
517,557 516,556 513,553
513,553 514,552 510,550
510,550 508,550 506,546
#Start
499,548 461,526
499,548 500,548 498,545
498,545 496,544 493,541
493,541 492,540 490,537
490,537 488,534 485,532
485,532 484,530 480,528
480,528 480,528 475,527
475,527 472,528 469,527
469,527 466,528 463,527
#Start
461,526 411,532
461,526 462,532 458,529
458,529 456,530 453,528
453,528 450,528 447,528
447,528 444,528 441,528
441,528 438,528 435,528
435,528 432,528 429,528
429,528 426,528 423,528
423,528 420,528 417,528
417,528 416,528 412,527
#Start
411,532 335,530
411,532 410,530 406,530
406,530 404,530 400,530
400,530 398,530 394,530
394,530 392,532 388,529
388,529 386,530 382,529
382,529 380,530 376,529
376,529 374,530 370,529
370,529 368,530 364,529
364,529 360,530 358,529
358,529 356,530 352,529
352,529 350,530 346,529
346,529 346,528 341,528
#Start
335,530 302,545
335,530 334,526 330,527
330,527 328,528 325,528
325,528 322,530 319,531
319,531 320,534 316,534
316,534 314,536 312,536
312,536 312,538 309,541
309,541 308,544 305,544
#Start
302,545 287,620
302,545 304,552 300,554
300,554 300,556 297,558
297,558 296,560 294,562
294,562 292,566 290,565
290,565 288,566 286,569
286,569 286,572 283,572
283,572 282,576 282,578
282,578 284,582 281,584
281,584 282,588 281,590
281,590 282,594 281,596
281,596 282,600 281,602
281,602 282,606 281,608
281,608 282,612 281,614
#Start
287,620 282,669
287,620 282,618 282,622
282,622 282,626 282,628
282,628 282,632 282,634
282,634 282,638 282,641
282,641 282,644 282,647
282,647 282,650 282,653
282,653 282,656 282,659
282,659 282,662 282,666
#Start
282,669 277,711
282,669 280,672 280,675
280,675 280,678 279,681
279,681 280,684 279,688
279,688 280,692 279,694
279,694 280,698 279,700
279,700 280,706 279,706
279,706 280,710 278,711
#Start
277,711 280,771
277,711 278,712 278,716
278,716 278,720 278,722
278,722 278,726 278,728
278,728 278,732 278,734
278,734 280,738 279,740
279,740 280,744 280,745
280,745 280,748 280,751
280,751 280,754 280,757
280,757 280,760 280,763
280,763 280,766 280,769
#Start
280,771 313,824
280,771 278,772 279,775
279,775 280,778 279,781
279,781 282,786 281,786
281,786 282,790 281,793
281,793 284,796 285,798
285,798 288,800 289,802
289,802 290,806 292,805
292,805 294,808 296,809
296,809 298,814 300,813
300,813 302,816 303,817
303,817 308,820 307,821
307,821 310,824 313,824
#Start
313,824 327,856
313,824 314,822 315,825
315,825 318,828 318,830
318,830 322,832 322,833
322,833 324,836 324,838
324,838 326,840 327,842
327,842 328,846 327,848
327,848 328,852 327,854
#Start
327,856 308,876
327,856 326,858 326,861
326,861 326,864 326,867
326,867 326,870 326,873
326,873 326,876 322,875
322,875 318,878 316,876
316,876 314,876 310,876
#Start
308,876 261,877
308,876 306,876 305,874
305,874 302,876 299,872
299,872 296,872 293,872
293,872 290,872 288,873
288,873 288,876 283,874
283,874 282,876 279,876
279,876 278,878 275,879
275,879 272,882 273,884
273,884 274,890 269,887
#Start
363,103 364,136
363,103 364,108 363,111
363,111 364,114 363,117
363,117 364,120 363,123
363,123 364,126 363,129
363,129 364,132 363,135
#Start
364,136 362,168
364,136 364,140 364,143
364,143 364,146 364,149
364,149 364,152 364,155
364,155 366,160 363,160
363,160 364,164 363,166
363,166 364,170 363,172
#Start
362,168 363,203
362,168 364,172 364,175
364,175 364,178 364,181
364,181 364,184 364,187
364,187 364,190 364,193
364,193 364,196 364,199
364,199 364,202 364,205
#Start
363,203 362,236
363,203 364,208 364,210
364,210 364,214 364,216
364,216 364,220 364,222
364,222 364,226 364,228
364,228 364,232 364,234
#Start
362,236 397,281
362,236 362,240 362,242
362,242 362,246 362,248
362,248 362,252 362,254
362,254 362,258 362,261
362,261 362,266 363,266
363,266 364,270 363,272
363,272 362,274 363,277
363,277 366,280 367,280
367,280 368,284 371,282
371,282 374,284 376,283
376,283 376,286 380,285
380,285 384,286 386,285
386,285 390,286 392,285
392,285 396,286 398,285
#Start
397,281 444,282
397,281 400,284 403,283
403,283 406,284 410,283
410,283 414,284 416,283
416,283 422,284 422,283
422,283 424,286 427,285
427,285 430,286 433,285
433,285 436,286 440,285
#Start
444,282 454,317
444,282 450,282 451,283
451,283 454,286 452,288
452,288 452,292 453,294
453,294 454,298 453,300
453,300 454,304 453,306
453,306 454,310 453,312
453,312 454,316 454,318
#Start
454,317 454,355
454,317 454,324 454,324
454,324 454,328 454,330
454,330 454,334 454,336
454,336 454,340 454,342
454,342 454,346 454,348
454,348 454,352 454,354
#Start
454,355 454,392
454,355 454,356 453,358
453,358 454,362 453,364
453,364 454,368 453,370
453,370 454,374 454,376
454,376 456,380 456,382
456,382 456,386 456,388
456,388 456,392 455,394
#Start
454,392 454,430
454,392 454,396 453,398
453,398 454,402 454,404
454,404 454,408 454,410
454,410 454,414 455,415
455,415 456,420 455,422
455,422 458,426 456,428
#Start
454,430 449,467
454,430 456,436 455,438
455,438 456,442 455,444
455,444 456,448 455,450
455,450 456,454 455,456
455,456 454,458 454,461
454,461 454,464 451,464
451,464 452,468 448,467
#Start
449,467 432,486
449,467 448,470 444,470
444,470 444,472 441,474
441,474 440,478 438,479
438,479 440,484 436,483
436,483 434,484 432,485
#Start
432,486 416,500
432,486 432,486 430,488
430,488 428,490 426,491
426,491 428,496 421,494
421,494 422,498 419,498
419,498 420,502 415,500
#Start
416,500 411,532
416,500 414,504 414,506
414,506 412,506 412,510
412,510 412,512 411,515
411,515 414,518 412,520
412,520 412,524 412,526
412,526 412,530 413,532
#Start
411,532 411,576
411,532 416,534 414,536
414,536 414,540 414,542
414,542 414,546 414,548
414,548 414,552 415,554
415,554 416,558 415,560
415,560 414,562 414,565
414,565 414,568 413,571
#Start
411,576 411,621
411,576 410,576 410,578
410,578 410,582 410,584
410,584 410,588 410,590
410,590 410,594 410,596
410,596 410,600 410,602
410,602 410,606 410,608
410,608 410,612 410,614
410,614 410,618 411,619
#Start
411,621 415,661
411,621 412,622 412,624
412,624 412,628 412,630
412,630 414,634 413,636
413,636 414,640 413,642
413,642 414,646 413,648
413,648 414,652 413,654
413,654 414,658 414,659
#Start
415,661 411,695
414,659 410,664 410,667
410,667 410,670 410,673
410,673 410,676 410,679
410,679 410,682 410,685
410,685 410,688 410,691
#Start
411,695 411,748
410,694 412,694 411,697
411,697 412,700 411,703
411,703 412,706 411,709
411,709 412,712 411,715
411,715 412,720 411,721
411,721 412,724 411,727
411,727 412,730 411,733
411,733 410,736 410,738
410,738 410,742 410,744
#Start
411,748 411,787
411,749 412,752 411,755
411,755 412,758 411,761
411,761 412,764 411,767
411,767 410,770 410,773
410,773 410,776 410,779
410,779 410,782 410,785
#Start
411,787 411,830
411,787 410,790 410,793
410,793 410,796 410,799
410,799 412,802 411,805
411,805 412,808 411,811
411,811 412,814 411,817
411,817 412,820 411,823
411,823 412,828 413,828
#Start
411,830 434,878
413,829 412,834 411,836
411,836 412,840 411,842
411,842 412,846 412,847
412,847 414,850 413,852
413,852 414,856 416,858
416,858 418,860 419,862
419,862 420,866 423,865
423,865 426,868 427,869
427,869 432,872 432,873
432,873 436,876 435,877
#Start
434,878 480,899
435,877 434,880 436,880
436,880 440,882 439,885
439,885 442,888 442,889
442,889 446,890 445,892
445,892 448,892 448,896
448,896 452,898 453,898
453,898 456,898 459,898
459,898 462,898 465,898
465,898 468,898 471,898
471,898 474,898 477,898
#Start
480,899 527,895
481,898 486,898 488,898
488,898 490,900 493,899
493,899 498,900 499,899
499,899 504,900 504,898
504,898 508,898 510,898
510,898 514,898 516,898
516,898 520,898 522,898
#Start
527,895 556,898
527,898 530,898 533,897
533,897 536,898 539,897
539,897 542,898 545,897
545,897 548,898 551,897
#Start
556,898 583,896
554,897 556,898 559,897
559,897 564,896 564,897
564,897 568,898 570,897
570,897 574,898 576,897
576,897 580,898 582,897
#Start
583,896 644,897
583,897 586,898 589,898
589,898 592,898 595,898
595,898 598,898 600,897
600,897 604,898 607,897
607,897 610,898 614,897
614,897 618,898 620,897
620,897 624,898 626,897
626,897 632,900 633,898
633,898 636,900 639,899
#Start
644,897 696,897
644,899 648,900 650,899
650,899 654,900 656,899
656,899 662,900 662,899
662,899 666,900 668,899
668,899 672,900 674,899
674,899 678,900 680,899
680,899 684,900 686,899
686,899 690,900 692,899
#Start
696,897 727,873
696,899 700,898 702,898
702,898 706,898 708,898
708,898 710,898 713,897
713,897 716,898 719,897
719,897 724,898 724,896
724,896 728,896 727,893
727,893 728,890 727,887
727,887 728,884 727,881
727,881 730,880 728,876
728,876 728,874 729,871
#Start
727,873 786,858
727,871 728,872 727,867
727,867 728,864 727,861
727,861 726,858 729,857
729,857 732,856 733,855
733,855 736,856 739,855
739,855 742,856 745,855
745,855 750,856 750,856
750,856 754,856 756,856
756,856 760,856 762,856
762,856 766,856 768,856
768,856 772,856 774,856
774,856 778,856 780,856
#Start
786,858 809,837
784,856 790,858 793,857
793,857 796,858 800,857
800,857 806,858 806,857
806,857 810,858 809,854
809,854 810,852 809,848
809,848 810,846 809,842
809,842 810,840 809,836
#Start
216,60 181,111
216,60 214,60 210,60
210,60 208,62 205,59
205,59 202,58 199,58
199,58 196,58 193,58
193,58 190,58 187,58
187,58 184,58 182,59
182,59 182,62 181,64
181,64 182,68 181,70
181,70 180,72 180,75
180,75 180,78 180,81
180,81 180,84 180,87
180,87 180,90 179,92
179,92 180,96 179,98
179,98 180,102 179,104
179,104 182,106 180,109
#Start
181,111 179,149
181,111 182,110 180,113
180,113 182,118 179,118
179,118 180,122 178,123
178,123 178,126 178,129
178,129 178,132 178,135
178,135 178,138 180,141
180,141 180,144 180,147
#Start
179,149 186,196
179,149 180,152 179,154
179,154 180,158 179,160
179,160 178,162 178,165
178,165 178,168 178,171
178,171 178,174 178,177
178,177 178,184 179,182
179,182 180,186 182,188
182,188 184,190 185,193
#Start
39,247 81,246
39,247 40,248 43,247
43,247 46,248 49,247
49,247 52,248 55,247
55,247 58,248 61,247
61,247 62,244 65,245
65,245 68,246 71,245
71,245 74,246 77,246
#Start
81,246 103,224
81,246 86,246 85,242
85,242 86,240 88,239
88,239 90,238 92,237
92,237 96,238 97,236
97,236 98,234 100,233
100,233 102,232 104,231
#Start
103,224 124,207
103,224 108,230 109,226
109,226 112,224 112,222
112,222 116,222 114,218
114,218 116,216 117,215
117,215 118,214 120,211
120,211 122,210 123,208
#Start
124,207 186,196
124,207 124,206 126,204
126,204 128,200 130,200
130,200 132,198 134,197
134,197 136,198 138,194
138,194 140,194 143,192
143,192 146,192 148,191
148,191 152,192 154,191
154,191 158,192 160,191
160,191 164,192 166,191
166,191 170,192 172,191
172,191 176,192 178,191
178,191 182,192 183,193
183,193 186,196 186,197
#Start
186,196 210,223
186,196 188,200 189,201
189,201 192,202 192,204
192,204 196,206 196,208
196,208 200,212 200,211
200,211 202,214 203,215
203,215 206,218 207,218
207,218 210,220 210,223
#Start
210,223 238,249
210,223 212,224 215,226
215,226 218,228 219,230
219,230 222,232 224,234
224,234 228,236 227,237
227,237 230,240 230,242
230,242 234,246 234,246
234,246 236,250 238,249
#Start
238,249 253,294
238,249 240,250 240,252
240,252 242,254 244,256
244,256 246,258 248,259
248,259 250,262 250,263
250,263 252,266 252,268
252,268 254,270 254,273
254,273 254,276 254,279
254,279 254,282 255,285
255,285 254,288 253,290
#Start
253,294 254,342
253,294 254,296 253,298
253,298 254,302 253,304
253,304 254,308 253,310
253,310 254,314 253,316
253,316 254,320 253,322
253,322 254,326 254,327
254,327 254,330 254,333
254,333 254,336 254,339
#Start
254,342 264,379
254,342 252,344 252,347
252,347 252,350 252,353
252,353 254,356 254,358
254,358 254,362 254,364
254,364 254,368 256,369
256,369 258,372 261,373
261,373 264,376 264,378
#Start
264,379 291,404
264,379 268,380 270,381
270,381 274,386 273,386
273,386 276,388 276,390
276,390 278,392 278,394
278,394 280,396 282,396
282,396 284,398 286,399
286,399 290,404 291,403
#Start
291,404 318,434
291,404 296,404 294,407
294,407 296,408 298,410
298,410 300,412 301,415
301,415 304,420 304,420
304,420 306,424 309,423
309,423 310,426 313,426
313,426 318,428 318,429
#Start
318,434 335,464
318,434 318,432 320,431
320,431 324,432 324,434
324,434 326,436 326,438
326,438 328,440 328,442
328,442 330,444 333,446
333,446 336,448 334,451
334,451 336,454 335,456
335,456 336,460 335,462
#Start
335,464 334,497
335,464 332,464 332,467
332,467 332,470 332,473
332,473 332,476 332,479
332,479 334,482 334,484
334,484 336,490 335,490
335,490 336,494 335,496
#Start
334,497 335,530
334,497 336,498 335,501
335,501 336,506 334,506
334,506 334,510 334,512
334,512 334,516 334,518
334,518 334,522 334,524
334,524 334,528 334,530
#Start
335,530 334,584
335,530 334,528 334,532
334,532 334,534 333,537
333,537 334,540 333,543
333,543 334,546 333,549
333,549 332,552 332,555
332,555 332,558 332,561
332,561 332,564 332,567
332,567 332,570 332,574
332,574 334,576 333,579
333,579 332,582 331,583
#Start
334,584 334,635
334,584 334,588 333,590
333,590 334,594 334,596
334,596 334,600 334,602
334,602 336,606 333,607
333,607 334,610 333,613
333,613 334,616 334,619
334,619 334,622 334,625
334,625 334,628 333,630
333,630 336,632 333,635
#Start
280,771 314,787
280,771 286,770 287,772
287,772 292,776 291,777
291,777 292,780 294,781
294,781 296,788 298,785
298,785 300,788 303,787
303,787 306,788 309,789
#Start
314,787 361,791
314,787 312,790 315,789
315,789 318,790 321,789
321,789 326,790 326,790
326,790 328,792 331,791
331,791 334,792 337,791
337,791 340,792 343,791
343,791 346,792 349,791
349,791 352,792 355,791
355,791 358,792 361,791
#Start
361,791 411,787
361,791 364,792 367,791
367,791 370,792 373,791
373,791 378,792 379,791
379,791 380,790 385,790
385,790 388,790 391,790
391,790 394,790 397,790
397,790 400,790 403,790
403,790 406,792 409,791
#Start
411,787 457,791
411,787 412,790 415,789
415,789 418,790 421,789
421,789 424,790 427,789
427,789 430,790 433,789
433,789 436,790 439,789
439,789 442,790 445,789
445,789 448,792 451,790
451,790 454,792 456,791
#Start
457,791 497,791
457,791 460,792 463,791
463,791 466,792 471,791
471,791 474,792 477,791
477,791 480,792 483,791
483,791 486,792 489,791
489,791 492,792 495,791
#Start
497,791 549,794
497,791 498,792 502,792
502,792 506,792 508,792
508,792 512,792 514,792
514,792 518,792 520,791
520,791 524,792 526,791
526,791 528,794 531,792
531,792 534,792 537,792
537,792 540,792 543,792
#Start
549,794 586,791
549,794 546,792 550,792
550,792 554,792 556,792
556,792 560,792 562,792
562,792 566,792 568,791
568,791 574,792 574,791
574,791 578,792 580,791
580,791 584,792 586,791
#Start
586,791 640,811
586,791 588,792 588,792
588,792 592,792 594,792
594,792 598,792 599,793
599,793 602,794 605,793
605,793 612,794 610,794
610,794 612,798 614,797
614,797 616,800 617,801
617,801 618,804 619,805
619,805 622,810 622,810
622,810 626,812 627,812
627,812 630,812 633,812
633,812 640,814 638,811
#Start
640,811 691,800
640,811 644,814 648,813
648,813 652,814 654,813
654,813 658,814 660,813
660,813 664,812 666,812
666,812 670,814 671,811
671,811 676,812 676,810
676,810 678,810 681,808
681,808 684,808 685,806
685,806 690,808 690,804
#Start
691,800 728,765
691,800 692,806 694,803
694,803 698,802 699,800
699,800 702,798 703,797
703,797 708,798 708,796
708,796 710,794 710,792
710,792 712,790 713,788
713,788 718,790 718,787
718,787 722,786 721,783
721,783 720,780 723,779
723,779 724,778 726,776
726,776 728,776 727,771
727,771 730,770 728,766
#Start
728,765 714,725
728,765 732,764 732,761
732,761 732,758 733,756
733,756 734,754 733,750
733,750 734,748 732,744
732,744 732,742 732,738
732,738 732,736 729,733
729,733 728,734 725,729
725,729 724,728 717,724
717,724 714,720 713,719
#Start
714,725 708,673
714,725 718,720 714,717
714,717 712,716 710,713
710,713 712,710 709,707
709,707 710,704 709,701
709,701 710,698 709,695
709,695 710,692 710,690
710,690 712,690 711,684
711,684 710,682 710,678
710,678 710,676 708,674
#Start
708,673 708,629
708,673 708,672 708,668
708,668 708,666 708,662
708,662 708,660 708,656
708,656 708,654 708,650
708,650 708,648 709,645
709,645 710,642 711,639
711,639 712,636 710,634
710,634 710,632 708,629
#Start
708,629 707,607
708,629 708,628 708,624
708,624 708,622 708,618
708,618 708,616 708,612
708,612 710,610 707,607
#Start
707,607 675,573
707,607 704,602 704,598
704,598 702,596 701,593
701,593 700,592 699,589
699,589 700,586 696,585
696,585 696,584 692,582
692,582 692,580 689,579
689,579 686,578 681,574
681,574 678,574 675,573
#Start
675,573 628,572
675,573 672,574 668,574
668,574 666,574 662,574
662,574 660,574 656,574
656,574 654,574 650,574
650,574 650,574 645,573
645,573 642,574 639,573
639,573 636,574 633,573
#Start
628,572 566,567
628,572 626,574 623,574
623,574 624,572 619,572
619,572 614,572 613,572
613,572 610,572 607,572
607,572 604,572 601,572
601,572 598,572 595,572
595,572 592,572 589,572
589,572 586,572 583,572
583,572 580,572 577,572
577,572 574,572 571,572
#Start
173,966 156,999
173,966 172,964 167,962
167,962 168,964 164,967
164,967 166,972 161,970
161,970 160,972 158,973
158,973 158,976 156,978
156,978 156,982 156,984
156,984 156,988 156,990
156,990 156,994 156,997
#Start
156,999 156,1042
156,999 156,996 156,999
156,999 156,1002 156,1005
156,1005 156,1008 157,1011
157,1011 158,1014 157,1017
157,1017 158,1020 157,1023
157,1023 156,1026 156,1028
156,1028 156,1032 156,1034
156,1034 156,1038 156,1040
#Start
156,1042 155,1082
156,1042 156,1038 156,1041
156,1041 156,1044 156,1047
156,1047 156,1050 156,1053
156,1053 158,1056 155,1059
155,1059 156,1062 155,1066
155,1066 156,1070 155,1072
155,1072 156,1078 155,1078
#Start
155,1082 155,1127
155,1082 156,1086 155,1088
155,1088 156,1092 155,1094
155,1094 156,1098 155,1100
155,1100 156,1104 155,1106
155,1106 156,1110 155,1112
155,1112 156,1116 155,1118
155,1118 156,1122 155,1124
#Start
155,1127 154,1169
155,1127 154,1130 155,1129
155,1129 158,1132 156,1134
156,1134 156,1138 156,1140
156,1140 156,1144 156,1146
156,1146 156,1150 156,1152
156,1152 158,1156 155,1158
155,1158 156,1162 155,1164
155,1164 154,1166 154,1169
#Start
154,1169 155,1212
154,1169 156,1174 156,1176
156,1176 156,1180 156,1182
156,1182 156,1186 155,1188
155,1188 156,1192 155,1194
155,1194 156,1200 155,1201
155,1201 156,1204 155,1207
#Start
155,1212 130,1229
155,1212 156,1218 154,1218
154,1218 154,1222 152,1223
152,1223 154,1228 150,1227
150,1227 150,1230 145,1228
145,1228 142,1228 139,1229
139,1229 136,1230 133,1229
#Start
130,1229 107,1230
130,1229 128,1230 125,1230
125,1230 122,1230 119,1230
119,1230 116,1230 113,1230
113,1230 108,1230 107,1230
#Start
107,1230 82,1229
107,1230 108,1228 103,1227
103,1227 100,1228 97,1227
97,1227 92,1228 91,1227
91,1227 88,1226 86,1229
#Start
82,1229 53,1228
82,1229 80,1228 76,1229
76,1229 74,1230 70,1229
70,1229 68,1230 65,1228
65,1228 62,1228 59,1228
59,1228 56,1228 53,1228
#Start
919,324 944,355
919,324 922,324 925,324
925,324 928,326 931,325
931,325 934,324 937,327
937,327 942,328 942,331
942,331 942,334 942,337
942,337 942,340 942,343
942,343 942,348 943,348
943,348 944,352 944,353
#Start
944,355 943,401
944,355 942,356 942,360
942,360 942,364 942,366
942,366 944,370 943,372
943,372 944,378 943,379
943,379 944,382 943,385
943,385 944,388 943,391
943,391 944,394 943,397
#Start
943,401 943,442
943,401 942,404 941,406
941,406 944,410 942,412
942,412 942,416 943,417
943,417 944,420 943,423
943,423 944,426 943,429
943,429 944,432 943,435
943,435 944,438 943,441
#Start
943,442 942,491
943,442 944,446 943,449
943,449 944,452 943,455
943,455 944,458 943,461
943,461 944,464 943,467
943,467 944,472 942,472
942,472 944,476 941,479
941,479 942,484 941,485
941,485 944,488 942,491
#Start
942,491 944,531
942,491 944,490 944,492
944,492 944,496 944,498
944,498 944,502 944,504
944,504 944,508 944,510
944,510 944,514 944,516
944,516 944,520 944,522
944,522 944,526 944,528
#Start
944,531 943,575
944,531 948,532 945,536
945,536 946,542 945,542
945,542 946,546 945,548
945,548 946,552 945,554
945,554 944,556 944,559
944,559 944,562 944,565
944,565 944,568 944,571
#Start
943,575 942,621
943,575 944,576 943,578
943,578 944,582 943,584
943,584 944,588 942,590
942,590 942,594 942,596
942,596 942,602 942,602
942,602 942,606 942,608
942,608 944,614 943,614
943,614 944,618 943,620
#Start
942,621 942,661
942,621 944,620 943,623
943,623 944,626 943,629
943,629 944,632 942,635
942,635 942,638 942,642
942,642 942,644 944,650
944,650 944,652 942,654
942,654 942,658 942,660
#Start
942,661 928,688
942,661 944,664 944,667
944,667 946,672 943,672
943,672 944,676 940,675
940,675 938,676 937,678
937,678 936,678 934,682
934,682 934,686 931,685
931,685 930,686 928,688
#Start
928,688 906,706
928,688 930,688 927,691
927,691 924,692 925,694
925,694 924,696 922,698
922,698 922,700 920,702
920,702 920,704 914,705
914,705 912,706 909,706
#Start
906,706 889,714
906,706 908,708 906,709
906,709 904,712 902,712
902,712 900,714 898,714
898,714 894,714 892,714
#Start
889,714 852,717
889,714 884,718 881,717
881,717 876,718 874,717
874,717 872,718 868,717
868,717 866,718 862,717
862,717 860,718 856,717
856,717 852,718 852,717
#Start
852,717 818,715
852,717 850,716 846,715
846,715 842,714 840,714
840,714 838,714 834,714
834,714 832,714 828,714
828,714 828,716 823,715
#Start
818,715 784,715
818,715 816,716 812,715
812,715 810,716 806,715
806,715 804,716 800,715
800,715 798,716 794,715
794,715 792,716 788,715
#Start
784,715 752,717
784,715 782,718 779,717
779,717 776,718 773,717
773,717 770,718 767,717
767,717 764,718 761,717
761,717 758,718 755,717
#Start
752,717 714,725
752,717 748,718 744,717
744,717 742,718 738,717
738,717 736,718 732,717
732,717 730,718 725,717
725,717 722,718 720,718
720,718 718,718 715,720
#Start
714,725 698,761
714,725 710,728 708,729
708,729 706,730 704,733
704,733 702,734 701,736
701,736 702,742 701,742
701,742 702,746 701,748
701,748 702,752 700,753
700,753 702,758 699,758
#Start
698,761 691,800
698,761 700,764 700,766
700,766 700,770 700,772
700,772 700,776 700,778
700,778 700,782 700,784
700,784 702,788 698,789
698,789 700,794 697,794
697,794 696,796 696,799
696,799 694,800 691,800
#Start
691,800 652,834
691,800 686,804 683,805
683,805 680,808 679,809
679,809 678,810 675,812
675,812 674,814 670,814
670,814 670,818 667,818
667,818 666,818 664,822
664,822 664,824 662,826
662,826 660,828 658,828
658,828 656,830 655,832
#Start
652,834 622,867
652,834 654,840 650,839
650,839 650,844 647,843
647,843 646,846 644,848
644,848 644,852 641,851
641,851 640,852 638,854
638,854 636,856 634,857
634,857 634,860 631,860
631,860 630,862 627,863
627,863 624,864 623,866
#Start
622,867 583,896
622,867 616,872 615,872
615,872 612,872 610,873
610,873 608,874 605,874
605,874 604,878 600,877
600,877 598,878 594,877
594,877 592,878 589,878
589,878 586,876 584,877
584,877 584,880 584,884
584,884 584,888 584,891
#Start
583,896 584,950
583,896 584,898 583,901
583,901 582,904 582,906
582,906 584,910 581,911
581,911 582,916 580,916
580,916 580,920 580,922
580,922 580,926 580,928
580,928 584,932 583,933
583,933 586,936 584,938
584,938 584,942 584,944
584,944 584,948 584,950
#Start
584,950 583,985
584,950 584,958 583,959
583,959 584,962 583,965
583,965 584,968 583,971
583,971 584,974 583,977
583,977 584,980 583,984
#Start
583,985 573,1012
583,985 586,986 585,989
585,989 584,992 584,994
584,994 584,1000 584,1000
584,1000 584,1004 584,1006
584,1006 582,1008 581,1009
581,1009 580,1010 576,1011
#Start
573,1012 538,1013
573,1012 570,1014 567,1013
567,1013 564,1014 561,1013
561,1013 558,1014 555,1013
555,1013 554,1014 548,1013
548,1013 546,1014 542,1013
#Start
538,1013 500,1014
538,1013 536,1014 532,1014
532,1014 530,1014 526,1014
526,1014 524,1014 520,1014
520,1014 518,1014 514,1014
514,1014 512,1016 509,1013
509,1013 508,1014 502,1013
#Start
500,1014 455,1002
500,1014 500,1016 498,1012
498,1012 496,1012 492,1012
492,1012 490,1012 486,1012
486,1012 484,1014 480,1011
480,1011 478,1012 475,1010
475,1010 474,1010 468,1007
468,1007 464,1008 464,1003
464,1003 462,1002 461,998
#Start
829,355 829,402
829,355 830,358 829,359
829,359 830,362 829,365
829,365 830,368 829,371
829,371 830,374 829,377
829,377 830,380 829,383
829,383 830,386 829,389
829,389 830,392 829,395
829,395 830,398 829,401
#Start
829,402 829,452
829,402 828,406 829,409
829,409 832,412 830,415
830,415 830,418 830,421
830,421 830,424 829,427
829,427 830,430 829,433
829,433 830,436 829,439
829,439 830,442 829,445
829,445 830,448 829,451
#Start
829,452 829,493
829,452 828,452 828,455
828,455 828,458 828,461
828,461 828,464 828,467
828,467 828,470 828,473
828,473 828,476 828,479
828,479 828,482 828,485
828,485 830,488 829,490
#Start
829,493 830,540
829,493 830,498 830,500
830,500 830,504 830,506
830,506 830,510 830,512
830,512 830,516 830,518
830,518 830,522 830,525
830,525 830,528 830,532
830,532 830,536 830,538
#Start
830,540 801,552
830,540 828,538 828,542
828,542 828,546 828,548
828,548 826,554 824,551
824,551 824,554 819,552
819,552 816,552 813,552
813,552 810,552 807,552
807,552 804,552 801,552
#Start
801,552 770,554
801,552 800,554 797,554
797,554 794,554 791,554
791,554 788,554 785,554
785,554 782,554 779,554
779,554 776,554 773,554
#Start
770,554 736,553
770,554 768,554 765,553
765,553 762,554 759,553
759,553 756,554 753,553
753,553 748,554 747,553
747,553 744,554 741,553
#Start
736,553 690,513
736,553 734,554 730,553
730,553 728,552 724,551
724,551 722,550 721,547
721,547 720,548 716,544
716,544 716,542 713,539
713,539 710,538 709,535
709,535 706,532 704,530
704,530 702,526 701,526
701,526 700,524 699,522
699,522 698,522 695,520
695,520 694,518 690,517
#Start
690,513 660,512
690,513 680,514 681,514
681,514 678,514 675,513
675,513 672,514 669,512
669,512 666,512 663,512
#Start
660,512 631,510
660,512 658,512 653,511
653,511 650,512 647,511
647,511 644,512 641,511
641,511 638,512 635,510
#Start
631,510 599,510
631,510 624,510 621,510
621,510 618,510 615,510
615,510 612,510 609,510
609,510 606,510 603,510
#Start
599,510 567,534
599,510 596,512 593,513
593,513 590,512 589,515
589,515 586,516 584,517
584,517 582,520 582,522
582,522 580,522 580,526
580,526 578,528 576,528
576,528 574,530 572,530
572,530 570,532 569,533
#Start
567,534 549,620
567,534 568,538 564,539
564,539 562,540 560,541
560,541 560,544 558,545
558,545 556,548 554,548
554,548 554,550 552,553
552,553 550,554 549,556
549,556 550,560 549,562
549,562 550,566 549,568
549,568 550,572 549,574
549,574 550,578 549,580
549,580 550,584 549,586
549,586 550,590 550,592
550,592 550,596 550,598
550,598 550,602 550,604
550,604 550,606 548,608
548,608 550,612 549,614
549,614 550,616 549,619
#Start
549,620 541,663
549,620 550,622 549,625
549,625 550,628 549,631
549,631 550,634 549,637
549,637 550,640 549,643
549,643 550,646 549,649
549,649 550,652 549,655
549,655 550,658 549,661
#Start
541,663 550,697
541,663 548,664 548,667
548,667 548,674 549,672
549,672 552,676 550,678
550,678 550,682 550,684
550,684 550,688 550,690
550,690 550,694 550,696
#Start
550,697 549,726
550,697 550,698 549,701
549,701 550,706 549,706
549,706 550,710 549,712
549,712 550,716 549,718
549,718 550,722 550,723
#Start
549,726 548,756
549,726 550,728 549,730
549,730 550,734 549,736
549,736 550,740 549,742
549,742 550,746 549,748
549,748 550,752 549,754
#Start
548,756 549,794
548,756 550,758 549,761
549,761 550,766 550,766
550,766 550,770 550,772
550,772 550,776 550,778
550,778 550,782 550,784
550,784 550,788 549,790
#Start
549,794 527,895
549,794 548,794 548,797
548,797 548,800 548,804
548,804 548,808 548,810
548,810 548,814 548,816
548,816 548,820 548,822
548,822 548,826 548,828
548,828 548,832 548,834
548,834 548,838 548,840
548,840 548,844 548,846
548,846 548,850 549,852
549,852 548,854 548,857
548,857 546,860 545,861
545,861 546,864 542,865
542,865 540,866 538,867
538,867 536,868 535,870
535,870 534,872 532,873
532,873 532,876 531,878
531,878 532,882 531,884
531,884 530,886 529,888
529,888 530,892 528,893
#Start
527,895 527,937
527,895 528,898 527,901
527,901 528,904 527,907
527,907 528,910 527,913
527,913 528,916 527,919
527,919 528,922 527,925
527,925 528,930 527,931
527,931 528,936 527,937
#Start
527,937 485,970
527,937 528,940 527,942
527,942 528,946 527,948
527,948 528,952 526,953
526,953 528,958 525,958
525,958 524,960 520,959
520,959 520,962 515,960
515,960 512,962 510,962
510,962 506,962 503,962
503,962 502,964 498,963
498,963 496,964 494,965
494,965 492,970 489,968
489,968 488,970 485,970
#Start
485,970 455,1002
485,970 482,976 478,977
478,977 478,980 475,981
475,981 476,984 472,984
472,984 470,986 469,988
469,988 468,990 466,991
466,991 464,992 463,994
463,994 462,996 461,998
461,998 458,1002 456,1001
#Start
455,1002 475,1059
455,1002 456,1004 453,1006
453,1006 452,1008 452,1011
452,1011 452,1014 451,1016
451,1016 452,1020 450,1021
450,1021 450,1024 449,1026
449,1026 448,1030 451,1032
451,1032 452,1036 454,1037
454,1037 456,1040 458,1041
458,1041 462,1044 463,1044
463,1044 466,1046 467,1047
467,1047 470,1048 471,1050
471,1050 470,1054 473,1055
473,1055 472,1060 475,1059
#Start
475,1059 474,1099
475,1059 478,1066 476,1068
476,1068 476,1072 476,1074
476,1074 476,1078 476,1080
476,1080 476,1084 476,1086
476,1086 476,1090 476,1092
476,1092 476,1096 476,1098
#Start
474,1099 476,1140
474,1099 476,1102 475,1104
475,1104 476,1108 475,1110
475,1110 476,1114 475,1116
475,1116 476,1120 475,1123
475,1123 476,1126 475,1129
475,1129 476,1132 475,1136
#Start
476,1140 473,1177
476,1140 476,1140 475,1142
475,1142 476,1146 475,1148
475,1148 476,1152 474,1153
474,1153 474,1156 474,1159
474,1159 476,1164 473,1164
473,1164 474,1168 473,1170
473,1170 474,1174 473,1176
#Start
473,1177 475,1212
473,1177 476,1174 475,1179
475,1179 476,1182 475,1185
475,1185 476,1190 475,1191
475,1191 476,1194 475,1197
475,1197 476,1200 475,1203
475,1203 476,1206 475,1209
#Start
475,1212 474,1252
475,1212 478,1212 477,1215
477,1215 478,1218 477,1221
477,1221 476,1224 476,1226
476,1226 476,1230 476,1232
476,1232 476,1236 476,1238
476,1238 476,1244 476,1245
476,1245 478,1250 475,1250
#Start
786,759 714,725
786,759 784,760 780,759
780,759 778,760 774,759
774,759 772,760 768,759
768,759 766,760 762,759
762,759 760,760 756,759
756,759 754,760 750,759
750,759 748,760 745,758
745,758 744,758 739,756
739,756 738,754 734,752
734,752 730,748 730,748
730,748 726,748 723,745
723,745 720,746 719,742
719,742 718,742 718,737
718,737 716,736 714,733
714,733 712,732 714,725
#Start
714,725 675,721
714,725 712,732 710,730
710,730 710,728 707,726
707,726 702,726 701,725
701,725 698,726 695,725
695,725 694,724 690,724
690,724 688,720 685,721
685,721 682,722 679,721
#Start
675,721 615,741
675,721 674,724 673,723
673,723 672,722 665,721
665,721 662,722 660,720
660,720 658,720 654,720
654,720 652,720 648,720
648,720 646,720 642,720
642,720 642,722 640,724
640,724 638,726 637,727
637,727 636,728 634,730
634,730 628,732 630,733
630,733 630,736 625,734
625,734 624,738 621,737
621,737 620,738 618,740
#Start
615,741 548,756
615,741 618,748 613,747
613,747 612,754 609,751
609,751 606,750 604,753
604,753 602,754 598,753
598,753 596,754 593,754
593,754 590,754 587,754
587,754 584,754 581,754
581,754 578,754 575,754
575,754 572,754 569,754
569,754 564,754 563,754
563,754 560,754 557,754
557,754 554,754 551,754
#Start
548,756 518,753
548,756 552,754 547,754
547,754 544,754 541,754
541,754 538,756 536,753
536,753 534,754 530,753
530,753 528,754 524,753
524,753 522,754 518,753
#Start
518,753 479,751
518,753 514,752 510,752
510,752 508,752 504,752
504,752 502,752 498,752
498,752 496,752 492,752
492,752 490,752 486,752
486,752 484,752 480,752
#Start
479,751 447,753
479,751 478,754 474,754
474,754 472,754 468,754
468,754 464,756 464,752
464,752 462,752 458,751
458,751 456,752 452,750
452,750 450,752 448,752
#Start
447,753 411,748
447,753 448,752 441,752
441,752 438,752 434,752
434,752 432,752 428,752
428,752 426,752 422,752
422,752 420,752 416,752
416,752 414,752 410,752
#Start
411,748 343,755
411,748 412,754 408,752
408,752 406,752 402,752
402,752 400,752 395,752
395,752 392,752 389,752
389,752 386,752 383,752
383,752 380,752 377,752
377,752 374,752 371,752
371,752 366,752 365,752
365,752 362,752 359,752
359,752 356,752 353,752
353,752 350,752 347,752
#Start
343,755 280,771
343,755 346,752 341,752
341,752 338,752 335,752
335,752 332,752 329,752
329,752 326,752 323,752
323,752 320,752 317,752
317,752 314,752 311,752
311,752 308,752 305,752
305,752 302,752 299,752
299,752 298,756 295,755
295,755 294,758 292,759
292,759 290,760 289,762
289,762 290,766 286,765
286,765 284,766 283,768
283,768 284,772 280,771
#Start
280,771 245,790
280,771 280,776 280,779
280,779 278,780 276,781
276,781 276,784 271,782
271,782 270,786 266,785
266,785 264,786 262,787
262,787 260,788 258,789
258,789 256,790 252,789
252,789 250,790 247,790
#Start
245,790 220,792
245,790 246,792 241,792
241,792 238,792 235,792
235,792 232,792 229,792
229,792 226,792 223,792
#Start
220,792 192,791
220,792 214,792 211,791
211,791 208,792 205,791
205,791 202,792 199,791
199,791 196,792 193,791
#Start
192,791 168,789
192,791 194,796 189,793
189,793 186,792 184,792
184,792 184,792 178,790
178,790 176,792 172,789
#Start
168,789 142,790
168,789 166,792 162,791
162,791 160,792 156,791
156,791 154,792 150,791
150,791 150,790 145,790
#Start
142,790 115,792
142,790 140,796 137,793
137,793 134,792 131,792
131,792 128,792 125,792
125,792 122,792 119,792
#Start
115,792 90,792
115,792 114,792 110,792
110,792 108,792 104,792
104,792 102,792 98,792
98,792 96,792 92,792
#Start
90,792 63,790
90,792 92,792 89,790
89,790 86,790 83,790
83,790 80,790 77,790
77,790 74,790 71,790
71,790 68,790 65,790
#Start
63,790 33,829
63,790 64,794 60,793
60,793 58,794 54,793
54,793 52,792 49,795
49,795 46,794 45,797
45,797 44,798 41,799
41,799 40,802 39,803
39,803 40,808 37,807
37,807 38,812 36,812
36,812 34,816 33,817
33,817 32,818 30,820
30,820 30,824 30,826
30,826 34,828 33,829
#Start
30,885 33,941
30,885 32,886 31,889
31,889 32,892 31,895
31,895 32,898 31,901
31,901 32,904 31,907
31,907 34,910 32,914
32,914 34,918 33,921
33,921 34,924 33,927
33,927 34,930 33,933
33,933 34,938 33,939
#Start
33,829 30,885
33,829 32,830 31,833
31,833 32,838 31,839
31,839 32,844 30,844
30,844 30,848 30,850
30,850 30,854 30,856
30,856 30,862 30,862
30,862 32,864 29,871
29,871 30,874 29,877
29,877 30,882 30,882
#Start
33,941 30,999
33,941 32,942 31,946
31,946 32,950 31,952
31,952 32,956 31,958
31,958 32,962 31,964
31,964 32,970 31,970
31,970 32,974 31,976
31,976 30,978 30,980
30,980 30,982 29,985
29,985 30,990 30,990
30,990 32,992 30,995
#Start
0,0 0,0
0,0 0,0 0,0